LOW LEFT
y = -12.34904 + (434873600 - -12.34904)/(1 + pow((reading/2007.436),50.1506))
R2 = 0.9946

LOW RIGHT
y = 5519769000 + (662.6475 - 5519769000)/(1 + pow((reading/2980.706),209.2922))
R2 = 0.9964

HI LEFT
y = -7.41893 + (1417376000 - -7.41893)/(1 + pow((reading/1268.223),34.79597))
R2 = 0.9845

HI RIGHT
y = 4244895000 + (841.1226 - 4244895000)/(1 + pow((reading/2563.831),61.0802))
R2 = 0.9956
